Total time: 1000
Number of drones: 1
Number of lanterns: 500
Drones (starting location):
4
Lanterns (location, arrival time):
9 3
8 4
4 4
10 6
8 10
6 13
6 16
9 16
3 18
1 21
9 33
6 34
1 35
7 35
8 35
1 41
1 41
4 43
5 43
8 43
8 44
6 47
3 48
9 50
8 51
6 52
10 56
1 57
4 59
1 61
7 64
4 68
4 71
3 74
8 75
5 76
9 79
2 80
6 81
6 81
6 82
5 82
10 86
7 86
8 87
9 90
5 94
7 97
10 98
9 98
2 104
10 110
10 110
9 111
6 111
1 111
5 112
1 113
10 116
1 119
3 120
1 120
7 121
2 121
4 125
1 126
8 127
1 129
6 130
7 130
4 131
7 132
7 134
1 135
3 137
2 141
8 147
10 150
1 152
6 153
5 153
6 154
8 157
10 157
4 160
4 164
3 167
9 168
2 172
1 172
6 175
3 183
6 183
1 185
6 186
9 186
2 194
1 195
4 198
2 198
3 199
4 200
5 203
5 204
3 209
5 211
10 211
1 212
2 212
7 216
5 219
3 224
9 227
10 231
7 236
9 237
3 238
2 241
4 241
10 243
5 245
8 245
9 246
2 246
9 256
5 259
2 262
8 263
3 267
7 267
1 269
10 274
7 282
1 294
7 297
10 297
4 301
6 304
6 308
5 310
6 314
8 316
1 318
10 319
8 320
8 322
6 323
9 326
3 327
4 329
2 331
4 331
2 331
10 332
8 336
6 339
2 342
8 343
6 344
1 346
6 348
9 348
10 352
1 353
1 353
6 354
2 357
8 358
2 363
10 366
5 368
10 374
6 379
7 382
2 385
8 387
4 387
3 388
3 388
6 389
3 395
6 395
1 396
6 396
6 400
6 405
10 413
5 416
9 419
3 421
2 422
9 423
4 423
2 429
6 431
1 431
5 432
1 432
4 434
3 436
5 436
9 439
2 439
1 440
1 444
3 444
10 444
1 446
4 449
7 449
2 450
6 450
7 451
2 452
9 455
1 455
8 461
4 465
7 466
3 468
1 470
2 471
2 472
2 472
2 475
10 480
7 480
9 483
4 488
1 491
5 492
6 494
1 494
4 495
9 496
4 499
9 504
4 505
1 505
7 512
1 515
9 515
4 516
1 517
9 518
9 521
8 522
10 524
7 531
9 536
5 537
2 537
10 540
10 541
6 542
9 542
5 544
1 545
1 546
2 546
3 546
10 547
1 549
7 550
10 553
7 554
8 554
10 556
10 563
6 563
7 564
5 565
9 574
10 575
7 576
3 577
5 578
2 578
8 582
1 587
3 587
5 593
10 594
3 594
1 598
6 599
7 599
1 599
3 604
7 604
6 605
2 608
1 608
4 610
5 615
3 619
2 622
10 622
8 624
4 625
4 625
6 630
2 630
8 632
7 632
7 635
5 638
8 641
8 644
7 644
9 646
5 646
4 649
3 649
9 651
4 653
9 656
10 657
9 660
5 662
3 662
9 663
10 663
1 664
1 667
9 668
10 669
8 670
10 671
8 673
2 683
1 684
10 685
9 689
5 691
5 693
6 694
4 695
5 696
6 697
7 697
9 698
5 699
6 703
5 704
5 705
8 707
4 708
1 709
2 711
8 713
4 714
1 716
5 717
4 718
5 721
3 721
10 721
1 730
6 730
4 734
6 737
6 738
7 740
7 742
4 742
9 742
2 743
4 747
10 748
4 748
1 750
8 755
4 759
10 759
7 760
2 761
8 763
8 767
8 767
6 769
1 769
4 772
4 778
4 780
3 781
6 781
4 784
6 784
8 784
5 784
10 787
6 787
6 789
8 792
7 793
10 795
9 795
8 795
8 797
10 797
7 803
3 803
1 805
10 806
2 809
5 810
1 812
3 813
5 813
5 815
4 820
8 823
10 823
2 825
4 827
5 828
5 828
1 829
4 830
4 837
3 843
10 844
7 845
8 846
1 846
3 851
4 852
10 854
7 863
2 864
1 864
2 872
9 876
5 877
4 878
6 878
9 879
6 881
1 882
3 884
2 884
7 885
9 887
2 889
1 890
1 890
1 891
6 892
4 894
6 900
2 901
6 902
7 904
4 906
1 907
1 908
7 911
3 911
4 912
9 912
10 915
5 917
3 922
7 924
2 925
3 929
8 932
8 932
8 935
5 938
5 941
6 944
1 946
6 951
6 952
7 953
2 958
7 958
9 960
8 960
5 964
1 965
4 968
8 970
3 972
1 973
4 974
1 975
1 979
2 983
5 986
9 987
6 987
3 987
3 989
10 990
7 992
1 999
9 1000
